1 0:00.05 2104 0.00 0.05
2 0:00.03 2008 0.00 0.02
3 0:00.03 2096 0.00 0.03
4 0:00.03 2040 0.00 0.03
5 0:00.03 2096 0.00 0.03
6 0:00.02 2096 0.00 0.02
7 0:00.03 2108 0.00 0.03
8 0:00.03 2116 0.00 0.02
9 0:00.03 2052 0.00 0.03
10 0:00.03 2100 0.00 0.02
11 0:00.02 2048 0.00 0.02
12 0:00.03 2112 0.00 0.03
13 0:00.03 2016 0.00 0.02
14 0:00.03 2116 0.00 0.03
15 0:00.03 1952 0.00 0.02
16 0:00.03 2100 0.00 0.02
17 0:00.03 2108 0.00 0.02
18 0:00.03 2100 0.00 0.03
19 0:00.03 2048 0.00 0.03
20 0:00.02 2068 0.00 0.02
21 0:00.02 2040 0.00 0.02
22 0:00.03 2016 0.00 0.03
23 0:00.03 2040 0.00 0.03
24 0:00.03 2060 0.00 0.03
25 0:00.03 2104 0.00 0.02
26 0:00.02 2016 0.00 0.02
27 0:00.02 2112 0.00 0.02
28 0:00.02 2100 0.00 0.02
29 0:00.03 2092 0.00 0.03
30 0:00.02 2052 0.00 0.02
31 0:00.03 2044 0.00 0.02
32 0:00.03 2024 0.00 0.03
33 0:00.03 2036 0.00 0.03
34 0:00.02 2100 0.00 0.02
35 0:00.03 2036 0.00 0.02
36 0:00.03 2012 0.00 0.02
37 0:00.03 2064 0.00 0.03
38 0:00.03 2116 0.00 0.02
39 0:00.03 2096 0.00 0.02
40 0:00.03 2096 0.00 0.02
41 0:00.03 1992 0.00 0.03
42 0:00.02 2120 0.00 0.02
43 0:00.03 2048 0.00 0.03
44 0:00.03 1952 0.00 0.02
45 0:00.03 1952 0.00 0.02
46 0:00.03 2116 0.00 0.03
47 0:00.02 2044 0.00 0.02
48 0:00.03 2016 0.00 0.02
49 0:00.03 1964 0.00 0.03
50 0:00.03 2032 0.00 0.03
