1 0:00.06 2100 0.00 0.05
2 0:00.04 2028 0.00 0.04
3 0:00.04 2100 0.00 0.04
4 0:00.05 2028 0.00 0.04
5 0:00.04 2112 0.00 0.04
6 0:00.04 2052 0.00 0.04
7 0:00.04 2116 0.00 0.03
8 0:00.06 2108 0.00 0.05
9 0:00.04 2108 0.00 0.03
10 0:00.04 2036 0.00 0.03
11 0:00.04 2044 0.00 0.04
12 0:00.04 2112 0.00 0.04
13 0:00.04 2112 0.00 0.03
14 0:00.04 2036 0.01 0.03
15 0:00.04 2044 0.00 0.04
16 0:00.04 2116 0.00 0.04
17 0:00.05 2096 0.00 0.04
18 0:00.04 2112 0.00 0.04
19 0:00.04 2100 0.00 0.04
20 0:00.04 2048 0.00 0.03
21 0:00.04 2096 0.00 0.04
22 0:00.04 2052 0.00 0.04
23 0:00.04 2096 0.00 0.04
24 0:00.04 2104 0.00 0.04
25 0:00.04 2100 0.00 0.04
26 0:00.04 2096 0.00 0.03
27 0:00.04 2108 0.00 0.03
28 0:00.04 2040 0.00 0.04
29 0:00.04 2096 0.00 0.04
30 0:00.04 2016 0.00 0.04
31 0:00.04 2044 0.01 0.03
32 0:00.04 2096 0.00 0.04
33 0:00.04 2116 0.00 0.04
34 0:00.04 2052 0.01 0.03
35 0:00.04 2036 0.00 0.04
36 0:00.04 2044 0.00 0.04
37 0:00.04 2100 0.00 0.03
38 0:00.05 2020 0.00 0.05
39 0:00.04 2068 0.00 0.03
40 0:00.04 2064 0.00 0.03
41 0:00.04 2056 0.00 0.03
42 0:00.05 2112 0.00 0.04
43 0:00.04 2096 0.00 0.03
44 0:00.05 2092 0.00 0.05
45 0:00.04 2096 0.00 0.04
46 0:00.04 2056 0.00 0.04
47 0:00.04 2104 0.00 0.03
48 0:00.04 2012 0.00 0.04
49 0:00.03 2048 0.01 0.02
50 0:00.04 2052 0.00 0.03
